<?xml version="1.0" encoding="UTF-8" standalone="no" ?>
<COLLADA xmlns="http://www.collada.org/2005/11/COLLADASchema" version="1.4.1">
    <asset>
        <contributor>
            <authoring_tool>SketchUp 20.0.363</authoring_tool>
        </contributor>
        <created>2021-11-29T14:29:14Z</created>
        <modified>2021-11-29T14:29:14Z</modified>
        <unit meter="0.0254" name="inch" />
        <up_axis>Z_UP</up_axis>
    </asset>
    <library_cameras>
        <camera id="ID1" name="skp_camera_Last_Saved_SketchUp_View">
            <optics>
                <technique_common>
                    <perspective>
                        <yfov>39.59775</yfov>
                        <aspect_ratio>0</aspect_ratio>
                        <znear>1</znear>
                        <zfar>1000</zfar>
                    </perspective>
                </technique_common>
            </optics>
        </camera>
        <camera id="ID2" name="skp_camera_Scene_1">
            <optics>
                <technique_common>
                    <perspective>
                        <yfov>30</yfov>
                        <aspect_ratio>0</aspect_ratio>
                        <znear>1</znear>
                        <zfar>1000</zfar>
                    </perspective>
                </technique_common>
            </optics>
        </camera>
        <camera id="ID3" name="skp_camera_Scene_2">
            <optics>
                <technique_common>
                    <perspective>
                        <yfov>54.43222</yfov>
                        <aspect_ratio>0</aspect_ratio>
                        <znear>1</znear>
                        <zfar>1000</zfar>
                    </perspective>
                </technique_common>
            </optics>
        </camera>
        <camera id="ID4" name="skp_camera_Scene_3">
            <optics>
                <technique_common>
                    <perspective>
                        <yfov>39.59775</yfov>
                        <aspect_ratio>0</aspect_ratio>
                        <znear>1</znear>
                        <zfar>1000</zfar>
                    </perspective>
                </technique_common>
            </optics>
        </camera>
    </library_cameras>
    <library_visual_scenes>
        <visual_scene id="ID5">
            <node name="SketchUp">
                <node name="skp_camera_Last_Saved_SketchUp_View">
                    <matrix>-0.7947254 0.1364892 -0.591424 -329.0475 -0.6069692 -0.1787099 0.7743714 519.3203 1.387779e-17 0.9743888 0.22487 302.8049 0 0 0 1</matrix>
                    <instance_camera url="#ID1" />
                </node>
                <node name="skp_camera_Scene_1">
                    <matrix>-0.946753 -0.04846366 -0.3182924 -165.5791 -0.3219608 0.1425115 0.9359657 682.7819 0 0.988606 -0.1505266 35.92832 0 0 0 1</matrix>
                    <instance_camera url="#ID2" />
                </node>
                <node name="skp_camera_Scene_2">
                    <matrix>-0.9899918 -0.04801324 -0.132706 2.291819 -0.1411246 0.3368138 0.9309351 372.0887 -6.938894e-18 0.9403463 -0.3402188 5.717241 0 0 0 1</matrix>
                    <instance_camera url="#ID3" />
                </node>
                <node name="skp_camera_Scene_3">
                    <matrix>-0.9394978 0.09996579 0.3276443 267.6885 0.342555 0.274168 0.8986033 453.5887 -2.775558e-17 0.956472 -0.291824 12.79735 0 0 0 1</matrix>
                    <instance_camera url="#ID4" />
                </node>
                <node id="ID6" name="group_0">
                    <matrix>1 0 0 -60.79568 0 1 0 -157.6657 0 0 1 -0.05770976 0 0 0 1</matrix>
                    <node id="ID7" name="group_1">
                        <matrix>1 0 0 -2.842171e-14 0 1 0 124.3041 0 0 1 103.5398 0 0 0 1</matrix>
                        <node id="ID8" name="group_2">
                            <matrix>0.009206014 0.3129557 -0.3580075 20.61479 -0.4648503 -0.06947338 -0.07268425 84.16275 -0.1001239 0.3513226 0.3045373 35.61474 0 0 0 1</matrix>
                            <node id="ID9" name="group_3">
                                <matrix>1 0 0 -14.94845 0 1 0 2.397087 0 0 1 -6.498775 0 0 0 1</matrix>
                            </node>
                            <node id="ID10" name="group_4">
                                <matrix>1 0 0 -0.6929305 0 1 0 0.04192641 0 0 1 -9.769963e-15 0 0 0 1</matrix>
                                <node id="ID11" name="group_5">
                                    <matrix>0.5735764 0.6542039 0.492978 -2.847807 -0.819152 0.4580785 0.3451869 71.66993 -1.94289e-16 -0.601815 0.7986355 26.84376 0 0 0 1</matrix>
                                    <node id="ID12" name="group_6">
                                        <matrix>1 0 0 16.43324 0 1 0 16.73862 0 0 1 12.51933 0 0 0 1</matrix>
                                        <instance_geometry url="#ID13">
                                            <bind_material>
                                                <technique_common>
                                                    <instance_material symbol="Material2" target="#ID14">
                                                        <bind_vertex_input semantic="UVSET0" input_semantic="TEXCOORD" input_set="0" />
                                                    </instance_material>
                                                </technique_common>
                                            </bind_material>
                                        </instance_geometry>
                                    </node>
                                    <node id="ID26" name="instance_0">
                                        <matrix>0.8036381 -0.4243212 0.4172737 18.09897 0.5951183 0.5729965 -0.5634796 21.25095 1.137979e-15 0.7011609 0.7130031 -0.1469705 0 0 0 1</matrix>
                                        <instance_node url="#ID27" />
                                    </node>
                                    <node id="ID76" name="instance_18">
                                        <matrix>1 3.540259e-17 0 11.02979 -3.419628e-17 0.9659258 -0.258819 0.05335006 -9.162865e-18 0.258819 0.9659258 3.834505 0 0 0 1</matrix>
                                        <instance_node url="#ID27" />
                                    </node>
                                    <node id="ID77" name="instance_19">
                                        <matrix>0.5878261 0.701929 0.4021891 -1.437626 -0.8089873 0.5100355 0.2922386 28.44362 3.164136e-15 -0.4971514 0.8676638 21.19278 0 0 0 1</matrix>
                                        <instance_node url="#ID27" />
                                    </node>
                                    <node id="ID78" name="instance_20">
                                        <matrix>0.4837307 -0.6896803 -0.5388374 28.88298 0.8752169 0.381185 0.2978144 17.02177 1.341594e-08 -0.6156615 0.7880107 23.90626 0 0 0 1</matrix>
                                        <instance_node url="#ID27" />
                                    </node>
                                    <node id="ID79" name="instance_21">
                                        <matrix>0.3986504 -0.8008573 0.4468841 27.10183 0.917103 0.3481202 -0.1942536 8.988404 -6.436518e-14 0.487278 0.8732469 1.761868 0 0 0 1</matrix>
                                        <instance_node url="#ID27" />
                                    </node>
                                    <node id="ID80" name="instance_22">
                                        <matrix>0.5237209 0.7564119 -0.3918642 1.360731 -0.8518899 0.4650233 -0.2409084 19.37356 -1.323109e-08 0.4599939 0.8879221 3.93788 0 0 0 1</matrix>
                                        <instance_node url="#ID27" />
                                    </node>
                                </node>
                                <node id="ID81" name="group_10">
                                    <matrix>0.7880108 -0.5785325 -0.2105686 51.9188 0.6156615 0.7404879 0.2695156 19.18457 -5.551115e-17 -0.3420201 0.9396926 47.47183 0 0 0 1</matrix>
                                    <node id="ID82" name="group_11">
                                        <matrix>1 0 0 16.43324 0 1 0 16.73862 0 0 1 12.51933 0 0 0 1</matrix>
                                        <instance_geometry url="#ID83">
                                            <bind_material>
                                                <technique_common>
                                                    <instance_material symbol="Material2" target="#ID14">
                                                        <bind_vertex_input semantic="UVSET0" input_semantic="TEXCOORD" input_set="0" />
                                                    </instance_material>
                                                </technique_common>
                                            </bind_material>
                                        </instance_geometry>
                                    </node>
                                    <node id="ID91" name="instance_23">
                                        <matrix>0.8036381 -0.4243212 0.4172737 18.09897 0.5951183 0.5729965 -0.5634796 21.25095 9.992007e-16 0.7011609 0.7130031 -0.1469705 0 0 0 1</matrix>
                                        <instance_node url="#ID27" />
                                    </node>
                                    <node id="ID92" name="instance_24">
                                        <matrix>1 2.996511e-16 0 11.02979 -2.894408e-16 0.9659258 -0.258819 0.05335006 -7.755542e-17 0.258819 0.9659258 3.834505 0 0 0 1</matrix>
                                        <instance_node url="#ID27" />
                                    </node>
                                    <node id="ID93" name="instance_25">
                                        <matrix>0.5878261 0.701929 0.4021891 -1.437626 -0.8089873 0.5100355 0.2922386 28.44362 2.969847e-15 -0.4971514 0.8676638 21.19278 0 0 0 1</matrix>
                                        <instance_node url="#ID27" />
                                    </node>
                                    <node id="ID94" name="instance_26">
                                        <matrix>0.4837307 -0.6896803 -0.5388374 28.88298 0.8752169 0.381185 0.2978144 17.02177 1.341594e-08 -0.6156615 0.7880107 23.90626 0 0 0 1</matrix>
                                        <instance_node url="#ID27" />
                                    </node>
                                    <node id="ID95" name="instance_27">
                                        <matrix>0.3986504 -0.8008573 0.4468841 27.10183 0.917103 0.3481202 -0.1942536 8.988404 -6.389334e-14 0.487278 0.8732469 1.761868 0 0 0 1</matrix>
                                        <instance_node url="#ID27" />
                                    </node>
                                    <node id="ID96" name="instance_28">
                                        <matrix>0.5237209 0.7564119 -0.3918642 1.360731 -0.8518899 0.4650233 -0.2409084 19.37356 -1.323109e-08 0.4599939 0.8879221 3.93788 0 0 0 1</matrix>
                                        <instance_node url="#ID27" />
                                    </node>
                                </node>
                                <node id="ID97" name="group_12">
                                    <matrix>-0.4680271 0.415554 -0.719617 40.77676 -1.778956 -0.9323067 0.1668427 67.84505 0.05630275 4.342479 0.1000455 45.52457 0 0 0 1</matrix>
                                    <instance_geometry url="#ID98">
                                        <bind_material>
                                            <technique_common>
                                                <instance_material symbol="Material2" target="#ID14">
                                                    <bind_vertex_input semantic="UVSET0" input_semantic="TEXCOORD" input_set="0" />
                                                </instance_material>
                                            </technique_common>
                                        </bind_material>
                                    </instance_geometry>
                                </node>
                                <node id="ID106" name="group_13">
                                    <matrix>0.244194 0.7484523 0.6165942 -1.818521 -0.9697264 0.1884733 0.1552692 79.06328 1.663947e-14 -0.6358435 0.771818 47.1765 0 0 0 1</matrix>
                                    <node id="ID107" name="group_14">
                                        <matrix>1 0 0 16.43324 0 1 0 16.73862 0 0 1 12.51933 0 0 0 1</matrix>
                                        <instance_geometry url="#ID108">
                                            <bind_material>
                                                <technique_common>
                                                    <instance_material symbol="Material2" target="#ID14">
                                                        <bind_vertex_input semantic="UVSET0" input_semantic="TEXCOORD" input_set="0" />
                                                    </instance_material>
                                                </technique_common>
                                            </bind_material>
                                        </instance_geometry>
                                    </node>
                                    <node id="ID116" name="instance_29">
                                        <matrix>0.8036381 -0.4243212 0.4172737 18.09897 0.5951183 0.5729965 -0.5634796 21.25095 1.360023e-15 0.7011609 0.7130031 -0.1469705 0 0 0 1</matrix>
                                        <instance_node url="#ID27" />
                                    </node>
                                    <node id="ID117" name="instance_30">
                                        <matrix>1 -1.79076e-16 0 11.02979 1.729742e-16 0.9659258 -0.258819 0.05335006 4.634829e-17 0.258819 0.9659258 3.834505 0 0 0 1</matrix>
                                        <instance_node url="#ID27" />
                                    </node>
                                    <node id="ID118" name="instance_31">
                                        <matrix>0.5878261 0.701929 0.4021891 -1.437626 -0.8089873 0.5100355 0.2922386 28.44362 3.275158e-15 -0.4971514 0.8676638 21.19278 0 0 0 1</matrix>
                                        <instance_node url="#ID27" />
                                    </node>
                                    <node id="ID119" name="instance_32">
                                        <matrix>0.4837307 -0.6896803 -0.5388374 28.88298 0.8752169 0.381185 0.2978144 17.02177 1.341594e-08 -0.6156615 0.7880107 23.90626 0 0 0 1</matrix>
                                        <instance_node url="#ID27" />
                                    </node>
                                    <node id="ID120" name="instance_33">
                                        <matrix>0.3986504 -0.8008573 0.4468841 27.10183 0.917103 0.3481202 -0.1942536 8.988404 -6.414314e-14 0.487278 0.8732469 1.761868 0 0 0 1</matrix>
                                        <instance_node url="#ID27" />
                                    </node>
                                    <node id="ID121" name="instance_34">
                                        <matrix>0.5237209 0.7564119 -0.3918642 1.360731 -0.8518899 0.4650233 -0.2409084 19.37356 -1.323109e-08 0.4599939 0.8879221 3.93788 0 0 0 1</matrix>
                                        <instance_node url="#ID27" />
                                    </node>
                                </node>
                                <node id="ID122" name="group_15">
                                    <matrix>0.9773333 -0.1043949 -0.1841776 25.95545 0.07959395 0.9873303 -0.1372722 5.431342 0.1961747 0.1195013 0.9732599 31.22089 0 0 0 1</matrix>
                                    <node id="ID123" name="group_16">
                                        <matrix>1 0 0 16.43324 0 1 0 16.73862 0 0 1 12.51933 0 0 0 1</matrix>
                                        <instance_geometry url="#ID124">
                                            <bind_material>
                                                <technique_common>
                                                    <instance_material symbol="Material2" target="#ID14">
                                                        <bind_vertex_input semantic="UVSET0" input_semantic="TEXCOORD" input_set="0" />
                                                    </instance_material>
                                                </technique_common>
                                            </bind_material>
                                        </instance_geometry>
                                    </node>
                                    <node id="ID132" name="instance_35">
                                        <matrix>0.8036381 -0.4243212 0.4172737 18.09897 0.5951183 0.5729965 -0.5634796 21.25095 9.714451e-16 0.7011609 0.7130031 -0.1469705 0 0 0 1</matrix>
                                        <instance_node url="#ID27" />
                                    </node>
                                    <node id="ID133" name="instance_36">
                                        <matrix>1 -1.79076e-16 -1.110223e-16 11.02979 1.442395e-16 0.9659258 -0.258819 1.221886 1.535876e-16 0.258819 0.9659258 4.564763 0 0 0 1</matrix>
                                        <instance_node url="#ID27" />
                                    </node>
                                    <node id="ID134" name="instance_37">
                                        <matrix>0.5878261 0.701929 0.4021891 -1.437626 -0.8089873 0.5100355 0.2922386 28.44362 2.775558e-15 -0.4971514 0.8676638 21.19278 0 0 0 1</matrix>
                                        <instance_node url="#ID27" />
                                    </node>
                                    <node id="ID135" name="instance_38">
                                        <matrix>0.4837307 -0.6896803 -0.5388374 28.88298 0.8752169 0.381185 0.2978144 17.02177 1.341594e-08 -0.6156615 0.7880107 23.90626 0 0 0 1</matrix>
                                        <instance_node url="#ID27" />
                                    </node>
                                    <node id="ID136" name="instance_39">
                                        <matrix>0.3986504 -0.8008573 0.4468841 27.10183 0.917103 0.3481202 -0.1942536 8.988404 -6.403211e-14 0.487278 0.8732469 1.761868 0 0 0 1</matrix>
                                        <instance_node url="#ID27" />
                                    </node>
                                    <node id="ID137" name="instance_40">
                                        <matrix>0.5237209 0.7564119 -0.3918642 1.360731 -0.8518899 0.4650233 -0.2409084 19.37356 -1.323109e-08 0.4599939 0.8879221 3.93788 0 0 0 1</matrix>
                                        <instance_node url="#ID27" />
                                    </node>
                                </node>
                                <node id="ID138" name="group_17">
                                    <matrix>0.4530123 0.8421082 0.2926324 -6.510155 -0.8906115 0.4421699 0.106287 46.66522 -0.03988811 -0.3087711 0.9502996 51.38825 0 0 0 1</matrix>
                                    <node id="ID139" name="group_18">
                                        <matrix>1 0 0 16.43324 0 1 0 16.73862 0 0 1 12.51933 0 0 0 1</matrix>
                                        <instance_geometry url="#ID140">
                                            <bind_material>
                                                <technique_common>
                                                    <instance_material symbol="Material2" target="#ID14">
                                                        <bind_vertex_input semantic="UVSET0" input_semantic="TEXCOORD" input_set="0" />
                                                    </instance_material>
                                                </technique_common>
                                            </bind_material>
                                        </instance_geometry>
                                    </node>
                                    <node id="ID148" name="instance_41">
                                        <matrix>0.8036381 -0.4243212 0.4172737 18.09897 0.5951183 0.5729965 -0.5634796 21.25095 1.249001e-15 0.7011609 0.7130031 -0.1469705 0 0 0 1</matrix>
                                        <instance_node url="#ID27" />
                                    </node>
                                    <node id="ID149" name="instance_42">
                                        <matrix>1 -1.072393e-16 -3.885781e-16 11.02979 3.013816e-18 0.9659258 -0.258819 0.05335006 4.030932e-16 0.258819 0.9659258 3.834505 0 0 0 1</matrix>
                                        <instance_node url="#ID27" />
                                    </node>
                                    <node id="ID150" name="instance_43">
                                        <matrix>0.5878261 0.701929 0.4021891 -1.437626 -0.8089873 0.5100355 0.2922386 28.44362 2.969847e-15 -0.4971514 0.8676638 21.19278 0 0 0 1</matrix>
                                        <instance_node url="#ID27" />
                                    </node>
                                    <node id="ID151" name="instance_44">
                                        <matrix>0.4837307 -0.6896803 -0.5388374 28.88298 0.8752169 0.381185 0.2978144 17.02177 1.341594e-08 -0.6156615 0.7880107 23.90626 0 0 0 1</matrix>
                                        <instance_node url="#ID27" />
                                    </node>
                                    <node id="ID152" name="instance_45">
                                        <matrix>0.3986504 -0.8008573 0.4468841 27.10183 0.917103 0.3481202 -0.1942536 8.988404 -6.378231e-14 0.487278 0.8732469 1.761868 0 0 0 1</matrix>
                                        <instance_node url="#ID27" />
                                    </node>
                                    <node id="ID153" name="instance_46">
                                        <matrix>0.5237209 0.7564119 -0.3918642 1.360731 -0.8518899 0.4650233 -0.2409084 19.37356 -1.323109e-08 0.4599939 0.8879221 3.93788 0 0 0 1</matrix>
                                        <instance_node url="#ID27" />
                                    </node>
                                </node>
                                <node id="ID154" name="group_19">
                                    <matrix>1 0 0 39.88568 0 1 0 20.27132 0 0 1 6.105789 0 0 0 1</matrix>
                                    <node id="ID155" name="group_20">
                                        <matrix>-0.04644873 -0.7065494 -0.7061377 43.21315 0.9940613 -0.1023354 0.03700711 42.24844 -0.09841023 -0.7002253 0.7071068 32.57406 0 0 0 1</matrix>
                                        <node id="ID156" name="group_21">
                                            <matrix>1 0 0 16.43324 0 1 0 16.73862 0 0 1 12.51933 0 0 0 1</matrix>
                                            <instance_geometry url="#ID157">
                                                <bind_material>
                                                    <technique_common>
                                                        <instance_material symbol="Material2" target="#ID14">
                                                            <bind_vertex_input semantic="UVSET0" input_semantic="TEXCOORD" input_set="0" />
                                                        </instance_material>
                                                    </technique_common>
                                                </bind_material>
                                            </instance_geometry>
                                        </node>
                                        <node id="ID165" name="instance_47">
                                            <matrix>0.8036381 -0.4243212 0.4172737 18.09897 0.5951183 0.5729965 -0.5634796 21.25095 1.887379e-15 0.7011609 0.7130031 -0.1469705 0 0 0 1</matrix>
                                            <instance_node url="#ID27" />
                                        </node>
                                        <node id="ID166" name="instance_48">
                                            <matrix>1 5.715991e-16 0 11.02979 -5.521224e-16 0.9659258 -0.258819 0.05335006 -1.479407e-16 0.258819 0.9659258 3.834505 0 0 0 1</matrix>
                                            <instance_node url="#ID27" />
                                        </node>
                                        <node id="ID167" name="instance_49">
                                            <matrix>0.5878261 0.701929 0.4021891 -1.437626 -0.8089873 0.5100355 0.2922386 28.44362 3.053113e-15 -0.4971514 0.8676638 21.19278 0 0 0 1</matrix>
                                            <instance_node url="#ID27" />
                                        </node>
                                        <node id="ID168" name="instance_50">
                                            <matrix>0.4837307 -0.6896803 -0.5388374 28.88298 0.8752169 0.381185 0.2978144 17.02177 1.341594e-08 -0.6156615 0.7880107 23.90626 0 0 0 1</matrix>
                                            <instance_node url="#ID27" />
                                        </node>
                                        <node id="ID169" name="instance_51">
                                            <matrix>0.3986504 -0.8008573 0.4468841 27.10183 0.917103 0.3481202 -0.1942536 8.988404 -6.408762e-14 0.487278 0.8732469 1.761868 0 0 0 1</matrix>
                                            <instance_node url="#ID27" />
                                        </node>
                                        <node id="ID170" name="instance_52">
                                            <matrix>0.5237209 0.7564119 -0.3918642 1.360731 -0.8518899 0.4650233 -0.2409084 19.37356 -1.323109e-08 0.4599939 0.8879221 3.93788 0 0 0 1</matrix>
                                            <instance_node url="#ID27" />
                                        </node>
                                    </node>
                                    <node id="ID171" name="group_22">
                                        <matrix>1 -5.587274e-17 -4.163336e-17 -1.731948e-14 4.779435e-17 0.9848078 -0.1736482 0.7004291 5.070306e-17 0.1736482 0.9848078 -3.833255 0 0 0 1</matrix>
                                        <node id="ID172" name="group_23">
                                            <matrix>1 0 0 16.43324 0 1 0 16.73862 0 0 1 12.51933 0 0 0 1</matrix>
                                            <instance_geometry url="#ID173">
                                                <bind_material>
                                                    <technique_common>
                                                        <instance_material symbol="Material2" target="#ID14">
                                                            <bind_vertex_input semantic="UVSET0" input_semantic="TEXCOORD" input_set="0" />
                                                        </instance_material>
                                                    </technique_common>
                                                </bind_material>
                                            </instance_geometry>
                                        </node>
                                        <node id="ID181" name="instance_53">
                                            <matrix>0.8036381 -0.4243212 0.4172737 18.09897 0.5951183 0.5729965 -0.5634796 21.25095 1.554312e-15 0.7011609 0.7130031 -0.1469705 0 0 0 1</matrix>
                                            <instance_node url="#ID27" />
                                        </node>
                                        <node id="ID182" name="instance_54">
                                            <matrix>1 -1.293061e-16 0 11.02979 1.249001e-16 0.9659258 -0.258819 0.05335006 3.346688e-17 0.258819 0.9659258 3.834505 0 0 0 1</matrix>
                                            <instance_node url="#ID27" />
                                        </node>
                                        <node id="ID183" name="instance_55">
                                            <matrix>0.5878261 0.701929 0.4021891 -1.437626 -0.8089873 0.5100355 0.2922386 28.44362 3.441691e-15 -0.4971514 0.8676638 21.19278 0 0 0 1</matrix>
                                            <instance_node url="#ID27" />
                                        </node>
                                        <node id="ID184" name="instance_56">
                                            <matrix>0.4837307 -0.6896803 -0.5388374 28.88298 0.8752169 0.381185 0.2978144 17.02177 1.341594e-08 -0.6156615 0.7880107 23.90626 0 0 0 1</matrix>
                                            <instance_node url="#ID27" />
                                        </node>
                                        <node id="ID185" name="instance_57">
                                            <matrix>0.3986504 -0.8008573 0.4468841 27.10183 0.917103 0.3481202 -0.1942536 8.988404 -6.353251e-14 0.487278 0.8732469 1.761868 0 0 0 1</matrix>
                                            <instance_node url="#ID27" />
                                        </node>
                                        <node id="ID186" name="instance_58">
                                            <matrix>0.5237209 0.7564119 -0.3918642 1.360731 -0.8518899 0.4650233 -0.2409084 19.37356 -1.323109e-08 0.4599939 0.8879221 3.93788 0 0 0 1</matrix>
                                            <instance_node url="#ID27" />
                                        </node>
                                    </node>
                                    <node id="ID187" name="group_24">
                                        <matrix>0.7071068 -0.6408564 -0.2988362 29.63735 0.7071068 0.6408564 0.2988362 6.566016 -3.885781e-16 -0.4226183 0.9063078 25.62205 0 0 0 1</matrix>
                                        <node id="ID188" name="group_25">
                                            <matrix>1 0 0 16.43324 0 1 0 16.73862 0 0 1 12.51933 0 0 0 1</matrix>
                                            <instance_geometry url="#ID189">
                                                <bind_material>
                                                    <technique_common>
                                                        <instance_material symbol="Material2" target="#ID14">
                                                            <bind_vertex_input semantic="UVSET0" input_semantic="TEXCOORD" input_set="0" />
                                                        </instance_material>
                                                    </technique_common>
                                                </bind_material>
                                            </instance_geometry>
                                        </node>
                                        <node id="ID197" name="instance_59">
                                            <matrix>0.8036381 -0.4243212 0.4172737 18.09897 0.5951183 0.5729965 -0.5634796 21.25095 1.471046e-15 0.7011609 0.7130031 -0.1469705 0 0 0 1</matrix>
                                            <instance_node url="#ID27" />
                                        </node>
                                        <node id="ID198" name="instance_60">
                                            <matrix>1 3.571205e-16 -3.608225e-16 11.02979 -4.383397e-16 0.9659258 -0.258819 0.05335006 2.560982e-16 0.258819 0.9659258 3.834505 0 0 0 1</matrix>
                                            <instance_node url="#ID27" />
                                        </node>
                                        <node id="ID199" name="instance_61">
                                            <matrix>0.5878261 0.701929 0.4021891 -1.437626 -0.8089873 0.5100355 0.2922386 28.44362 3.524958e-15 -0.4971514 0.8676638 21.19278 0 0 0 1</matrix>
                                            <instance_node url="#ID27" />
                                        </node>
                                        <node id="ID200" name="instance_62">
                                            <matrix>0.4837307 -0.6896803 -0.5388374 28.88298 0.8752169 0.381185 0.2978144 17.02177 1.341594e-08 -0.6156615 0.7880107 23.90626 0 0 0 1</matrix>
                                            <instance_node url="#ID27" />
                                        </node>
                                        <node id="ID201" name="instance_63">
                                            <matrix>0.3986504 -0.8008573 0.4468841 27.10183 0.917103 0.3481202 -0.1942536 8.988404 -6.394885e-14 0.487278 0.8732469 1.761868 0 0 0 1</matrix>
                                            <instance_node url="#ID27" />
                                        </node>
                                        <node id="ID202" name="instance_64">
                                            <matrix>0.5237209 0.7564119 -0.3918642 1.360731 -0.8518899 0.4650233 -0.2409084 19.37356 -1.323109e-08 0.4599939 0.8879221 3.93788 0 0 0 1</matrix>
                                            <instance_node url="#ID27" />
                                        </node>
                                    </node>
                                    <node id="ID203" name="group_26">
                                        <matrix>0.7127962 -0.007418787 -0.9618104 3.937579 -2.366187 -1.481373 -0.2885535 78.45349 0.1140647 6.372195 -0.0674737 7.576525 0 0 0 1</matrix>
                                        <instance_geometry url="#ID204">
                                            <bind_material>
                                                <technique_common>
                                                    <instance_material symbol="Material2" target="#ID14">
                                                        <bind_vertex_input semantic="UVSET0" input_semantic="TEXCOORD" input_set="0" />
                                                    </instance_material>
                                                </technique_common>
                                            </bind_material>
                                        </instance_geometry>
                                    </node>
                                </node>
                                <node id="ID212" name="group_27">
                                    <matrix>0.4207543 -0.9186345 -0.9761935 38.37498 -2.478914 3.158603 -0.2406113 87.10408 3.874749 2.853522 -0.04793009 5.329071e-15 0 0 0 1</matrix>
                                    <instance_geometry url="#ID213">
                                        <bind_material>
                                            <technique_common>
                                                <instance_material symbol="Material2" target="#ID14">
                                                    <bind_vertex_input semantic="UVSET0" input_semantic="TEXCOORD" input_set="0" />
                                                </instance_material>
                                            </technique_common>
                                        </bind_material>
                                    </instance_geometry>
                                </node>
                                <node id="ID221" name="group_28">
                                    <matrix>0.9134221 0.4068196 0.01256537 10.11714 -0.4026039 0.9076274 -0.1188388 42.93002 -0.05975065 0.1034912 0.992834 25.46362 0 0 0 1</matrix>
                                    <node id="ID222" name="group_29">
                                        <matrix>1 0 0 16.43324 0 1 0 16.73862 0 0 1 12.51933 0 0 0 1</matrix>
                                        <instance_geometry url="#ID223">
                                            <bind_material>
                                                <technique_common>
                                                    <instance_material symbol="Material2" target="#ID14">
                                                        <bind_vertex_input semantic="UVSET0" input_semantic="TEXCOORD" input_set="0" />
                                                    </instance_material>
                                                </technique_common>
                                            </bind_material>
                                        </instance_geometry>
                                    </node>
                                    <node id="ID231" name="instance_65">
                                        <matrix>0.8036381 -0.4243212 0.4172737 18.09897 0.5951183 0.5729965 -0.5634796 21.25095 1.332268e-15 0.7011609 0.7130031 -0.1469705 0 0 0 1</matrix>
                                        <instance_node url="#ID27" />
                                    </node>
                                    <node id="ID232" name="instance_66">
                                        <matrix>1 -1.503413e-16 -3.608225e-16 11.02979 5.183085e-17 0.9659258 -0.258819 0.05335006 3.87439e-16 0.258819 0.9659258 3.834505 0 0 0 1</matrix>
                                        <instance_node url="#ID27" />
                                    </node>
                                    <node id="ID233" name="instance_67">
                                        <matrix>0.5878261 0.701929 0.4021891 -1.437626 -0.8089873 0.5100355 0.2922386 28.44362 3.552714e-15 -0.4971514 0.8676638 21.19278 0 0 0 1</matrix>
                                        <instance_node url="#ID27" />
                                    </node>
                                    <node id="ID234" name="instance_68">
                                        <matrix>0.4837307 -0.6896803 -0.5388374 28.88298 0.8752169 0.381185 0.2978144 17.02177 1.341594e-08 -0.6156615 0.7880107 23.90626 0 0 0 1</matrix>
                                        <instance_node url="#ID27" />
                                    </node>
                                    <node id="ID235" name="instance_69">
                                        <matrix>0.3986504 -0.8008573 0.4468841 27.10183 0.917103 0.3481202 -0.1942536 8.988404 -6.350476e-14 0.487278 0.8732469 1.761868 0 0 0 1</matrix>
                                        <instance_node url="#ID27" />
                                    </node>
                                    <node id="ID236" name="instance_70">
                                        <matrix>0.5237209 0.7564119 -0.3918642 1.360731 -0.8518899 0.4650233 -0.2409084 19.37356 -1.323109e-08 0.4599939 0.8879221 3.93788 0 0 0 1</matrix>
                                        <instance_node url="#ID27" />
                                    </node>
                                </node>
                            </node>
                        </node>
                        <node id="ID237" name="group_30">
                            <matrix>0.340131 0.03349676 -0.1164669 84.1796 0.03944437 0.232043 0.1083114 17.89515 0.1849339 -0.1110996 0.1911046 -4.646134 0 0 0 1</matrix>
                            <instance_geometry url="#ID238">
                                <bind_material>
                                    <technique_common>
                                        <instance_material symbol="Material2" target="#ID239">
                                            <bind_vertex_input semantic="UVSET0" input_semantic="TEXCOORD" input_set="0" />
                                        </instance_material>
                                    </technique_common>
                                </bind_material>
